------------------------------------------------------
 A        B        Sel    Enable    Result    Carry
------------------------------------------------------
00001111 00000101  0000      1       00010100    0
00001111 00000101  0001      1       00001010    0
10101010 11001100  0010      1       10001000    0
10101010 11001100  0011      1       11101110    0
10101010 11001100  0100      1       01100110    0
10101010 11001100  0101      1       01010101    0
00001111 11001100  0110      1       00011110    0
00001111 11001100  0111      1       00000111    0
00001111 11001100  0111      0       00000000    0